000000
000014
000017
000041
000043
000057
000071
000072
000080
000084
000085
000086
000099
000100
000111
000115
000125
000130
000145
000154
000155
000163
000164
000165
000177
000179
000180
000184
000202
000209
000210
000214
000215
000219
000253
000255
000257
000259
000280
000285
000286
000288
000304
000318
000348
000358
000390
000406
000425
000441
000444
000462
000464
000470
000474
000483
000501
000505
000513
000525
000531
000532
000535
000537
000575
000577
000599
000602
000627
000640
000646
000649
000662
000673
000676
000685
000686
000693
000711
000723
000724
000726
000733
000743
000744
000755
000759
000763
000770
000776
000781
000783
000789
000791
000817
000821
000828
000842
000855
000856
000861
000866
000882
000888
000901
000929
000933
000937
000941
000946
000951
000955
000959
000965
000968
000975
000978
000982
000987
000989
000990
001000
001003
001009
001016
001024
001029
001033
001044
001048
001060
001062
001073
001081
001085
001093
001109
001110
001117
001122
001146
001159
001161
001168
001170
001175
001185
001186
001197
001205
001211
001223
001233
001250
001276
001278
001279
001280
001282
001283
001285
001297
001301
001312
001313
001323
001324
001335
001341
001357
001358
001393
001406
001409
001420
001423
001426
001433
001434
001454
001455
001468
001470
001472
001483
001492
001494
001498
001509
001510
001512
001515
001520
001529
001531
001532
001540
001543
001550
001559
001595
001601
001609
001611
001618
001628
001632
001637
001644
001653
001681
001686
001700
001708
001715
001720
001728
001737
001748
001753
001754
001760
001763
001766
001770
001784
001785
001790
001791
001792
001793
001799
001809
001816
001819
001830
001838
001857
001865
001889
001899
001903
001910
001914
001953
001956
001962
001974
002016
002024
002026
002047
002059
002061
002064
002077
002090
002092
002098
002105
002106
002109
002119
002122
002133
002143
002145
002150
002157
002162
002174
002175
002184
002189
002191
002192
002194
002195
002197
002198
002199
002212
002213
002230
002236
002237
002252
002261
002263
002288
002301
002333
002351
002354
002371
002374
002377
002381
002390
002394
002400
002403
002408
002410
002413
002431
002444
002445
002448
002456
002465
002468
002470
002480
002482
002487
002496
002507
002513
002522
002524
002533
002536
002550
002559
002560
002567
002571
002573
002576
002587
002591
002595
002596
002597
002609
002611
002616
002637
002652
002655
002660
002662
002664
002665
002668
002672
002682
002683
002684
002689
002697
002704
002731
002733
002754
002759
002776
002780
002784
002785
002790
002799
002813
002817
002823
002838
002843
002849
002852
002864
002872
002873
002874
002886
002888
002899
002904
002912
002915
002918
002920
002923
002933
002936
002941
002975
002981
002998
003014
003016
003020
003026
003037
003060
003072
003077
003085
003086
003092
003120
003123
003128
003140
003143
003152
003188
003191
003193
003198
003201
003213
003227
003258
003261
003264
003270
003271
003274
003277
003278
003286
003290
003297
003311
003334
003342
003344
003356
003359
003362
003363
003371
003374
003376
003387
003388
003389
003390
003398
003400
003416
003420
003427
003440
003442
003445
003451
003458
003460
003476
003477
003486
003493
003498
003516
003518
003536
003542
003546
003548
003551
003556
003570
003575
003586
003598
003603
003636
003637
003670
003672
003674
003686
003693
003698
003706
003721
003727
003729
003730
003731
003733
003741
003743
003758
003768
003770
003773
003774
003776
003790
003792
003796
003803
003818
003823
003825
003829
003843
003848
003850
003861
003887
003888
003893
003896
003903
003912
003917
003919
003925
003929
003930
003936
003955
003957
003960
003966
003968
003971
003974
003976
003985
003991
004005
004022
004024
004030
004031
004054
004057
004062
004069
004078
004093
004094
004097
004106
004112
004114
004123
004127
004135
004144
004151
004165
004167
004176
004177
004178
004179
004180
004182
004184
004186
004197
004198
004199
004200
004208
004217
004219
004225
004229
004230
004231
004238
004244
004245
004247
004253
004264
004265
004274
004283
004292
004315
004333
004334
004339
004344
004346
004379
004381
004386
004389
004390
004405
004410
004411
004416
004428
004448
004449
004453
004455
004457
004461
004463
004466
004467
004468
004473
004477
004488
004495
004503
004512
004524
004525
004536
004537
004543
004550
004552
004560
004561
004564
004577
004579
004580
004583
004584
004586
004593
004601
004619
004627
004631
004646
004663
004671
004674
004675
004690
004704
004723
004731
004741
004750
004761
004772
004778
004781
004798
004801
004802
004803
004808
004823
004828
004837
004844
004856
004869
004872
004883
004894
004897
004901
004906
004913
004919
004925
004971
004972
004975
004977
004980
004984
005003
005007
005009
005022
005042
005047
005048
005061
005071
005088
005091
005102
005104
005107
005115
005117
005118
005123
005146
005152
005154
005169
005171
005192
005193
005195
005196
005211
005212
005232
005243
005248
005253
005261
005272
005278
005294
005295
005301
005302
005305
005310
005314
005317
005324
005327
005331
005332
005339
005340
005346
005348
005357
005361
005394
005398
005399
005403
005406
005409
005424
005425
005432
005433
005435
005436
005438
005439
005442
005455
005462
005480
005490
005496
005502
005504
005506
005521
005522
005527
005541
005562
005564
005568
005569
005591
005593
005597
005598
005604
005607
005608
005612
005620
005624
005627
005632
005648
005651
005655
005678
005679
005694
005697
005718
005721
005732
005734
005742
005752
005755
005767
005769
005770
005781
005814
005815
005828
005837
005838
005842
005845
005848
005850
005858
005860
005877
005888
005891
005895
005898
005908
005929
005941
005943
005950
005966
005968
005973
005974
005983
006007
006022
006051
006053
006055
006084
006089
006099
006108
006111
006112
006119
006124
006129
006145
006153
006155
006158
006164
006178
006179
006180
006184
006200
006207
006209
006218
006237
006253
006255
006257
006260
006264
006268
006271
006277
006281
006283
006284
006289
006290
006293
006296
006299
006307
006313
006320
006326
006329
006330
006358
006359
006362
006365
006378
006384
006392
006398
006404
006412
006414
006450
006457
006466
006489
006510
006511
006526
006536
006543
006564
006566
006573
006575
006585
006587
006591
006605
006609
006617
006622
006630
006642
006644
006646
006648
006668
006671
006680
006681
006684
006688
006697
006699
006702
006708
006724
006743
006775
006784
006801
006805
006809
006817
006825
006826
006827
006838
006842
006845
006867
006869
006871
006875
006883
006896
006920
006921
006927
006932
006940
006946
006952
006957
006961
006963
006966
006967
006974
006984
006991
006995
007001
007004
007009
007017
007020
007036
007039
007045
007054
007060
007066
007086
007099
007106
007121
007126
007128
007141
007142
007148
007173
007175
007190
007193
007197
007206
007218
007234
007241
007243
007250
007257
007270
007285
007296
007298
007301
007308
007314
007317
007332
007335
007340
007341
007366
007367
007368
007370
007399
007432
007441
007444
007446
007457
007461
007465
